SAMI3 -> RAIJU source L coverage
audit_h5 /online1/jiaoy_group/jiaoy/MAGE1.25/kaiju_sami3_voltron_moments_20260523/analysis/sami3_raiju_flux_volume_geometry_audit_lon0_bvol_overlap_exclude_lmax_20260526.h5
weights_h5 /online1/jiaoy_group/jiaoy/MAGE1.25/kaiju_sami3_voltron_moments_20260523/analysis/sami3_to_raiju_weights_voltron_tubeshell_l_mlt_lon0_bin_bvol_overlap_exclude_lmax_20260526.h5
target_L_edge_min 1.4902905965657023
target_L_edge_max 33.163437477526358
positive_source_cell_count 33676
positive_source_bvol_sum 2268463.9951948188
positive_source_L_min 1.0192675590515137
positive_source_L_max 553.7752075195312

[within_target_L]
count=15040
bvol_sum=915.99583884852473
fraction_of_positive_bvol=0.0004037956259340399

[below_target_L]
count=12784
bvol_sum=0.54277544999058591
fraction_of_positive_bvol=2.3927003079631055e-07

[above_target_L]
count=5852
bvol_sum=2267547.4565805197
fraction_of_positive_bvol=0.9995959651040349

[weighted_L_quantiles]
0.001=42.96409606933594
0.01=83.38025665283203
0.05=145.15077209472656
0.1=180.75912475585938
0.5=317.8695983886719
0.9=530.341796875
0.95=545.7605590820312
0.99=553.7748413085938

[coverage_by_L_threshold]
L_threshold count bvol_sum fraction_of_positive_bvol
1.4902905965657023 12784 0.54277544999058591 2.3927003079631055e-07
2 16544 1.5098122726849397 6.655658965198938e-07
5 20304 5.6442449663954903 2.4881351338841747e-06
10 22936 19.859496315308206 8.754600627285973e-06
20 25944 151.11764876108646 6.661672791862331e-05
33.163437477526358 27824 916.53861429851531 0.0004040348959648362
50 28968 3963.0765170113373 0.0017470308214748557
75 30144 13960.775179530792 0.006154285547005926
100 31088 38711.542636300735 0.017065090174806206
150 32404 120030.91268673103 0.052912857749114334
200 32912 246768.88103618781 0.1087823661997311
250 33224 480694.47499218141 0.2119030656913286
300 33380 702342.91560497438 0.30961166546734464
350 33520 1186458.7378705994 0.5230229531453087
400 33560 1283752.6463178648 0.5659127273067494
450 33624 1806774.3240522402 0.7964747634872962
500 33648 1966110.3462690371 0.8667143716778211
550 33668 2162410.4678510688 0.9532487500051143
600 33676 2268463.9951948188 1.0

[L_histogram]
L_min L_max count bvol_sum fraction_of_positive_bvol
1 1.4902905965657023 12784 0.54277544999058591 2.3927003079631055e-07
1.4902905965657023 2 3760 0.96703682269435376 4.262958657235833e-07
2 5 3760 4.1344326937105507 1.822569237364281e-06
5 10 2632 14.215251348912716 6.266465493401799e-06
10 20 3008 131.25815244577825 5.786212729133734e-05
20 33.163437477526358 1880 765.42096553742886 0.0003374181680462129
33.163437477526358 50 1144 3046.537902712822 0.0013429959255100194
50 75 1176 9997.698662519455 0.0044072547255310695
75 100 944 24750.767456769943 0.01091080462780028
100 150 1316 81319.370050430298 0.03584776757430813
150 200 508 126737.96834945679 0.05586950845061676
200 250 312 233925.59395599365 0.10312069949159752
250 300 156 221648.44061279297 0.09770859977601606
300 350 140 484115.822265625 0.213411287677964
350 400 40 97293.908447265625 0.04288977416144085
400 450 64 523021.677734375 0.23056203618054655
450 500 24 159336.02221679688 0.07023960819052492
500 550 20 196300.12158203125 0.0865343783272931
550 600 8 106053.52734375 0.04675124999488563

[status_breakdown]
code count bvol_sum fraction_of_positive_bvol
0 15040 915.99583884852473 0.0004037956259340399
4 18636 2267547.9993559695 0.9995962043740656

[production_assessment]
min_target_bvol_fraction=0.05
current_target_bvol_fraction=0.0004037956259340399
current_target_meets_min_fraction=False
L_required_for_min_fraction=145.15077209472656
