67: WACCMX online port ready: /home/jiaoy_group/jiaoy/data/waccmx-sami3_official/runs/sami3_online_receiver_remix_phi_weimer_20260524_0000/waccmx_sami3_online_port.txt
68: WACCMX online sender connected
806: WACCMX online neutral received: taskid,step,packet_hr=           1           0   0.00000000    
807: WACCMX_RECV_QC           1           0   0.00000000          137447       51033      137447       51033   4.3426282783063465E+018   86374557.876907349        151921991.00523913        308873611.96891749        0.0000000000000000        4.3426282783063465E+018   86374557.876907349        151921991.00523913        308873611.96891749        0.0000000000000000     
808: WACCMX_RECV_SOURCE_FLAGS           1           0   0.00000000          188480      137447           0           0       51033           0      137447       51033      137447       51033      137447      137447      137447      137447
813: WACCMX_APPLY_SOURCE_FLAGS           1           1   0.00000000           37696       27585           0           0       10111           0
841: WACCMX online neutral received: taskid,step,packet_hr=           2           0   0.00000000    
842: WACCMX_RECV_QC           2           0   0.00000000          136911       51569      136911       51569   4.5723774234785556E+018   84046136.848220825        141349587.46827212        288411597.93814999        0.0000000000000000        4.5723774234785556E+018   84046136.848220825        141349587.46827212        288411597.93814999        0.0000000000000000     
843: WACCMX_RECV_SOURCE_FLAGS           2           0   0.00000000          188480      136911           0           0       51569           0      136911       51569      136911       51569      136911      136911      136911      136911
845: WACCMX_APPLY_SOURCE_FLAGS           2           1   0.00000000           37696       27445           0           0       10251           0
848: WACCMX_APPLY_SOURCE_FLAGS           1           2   0.00000000           37696       27535           0           0       10161           0
875: WACCMX online neutral received: taskid,step,packet_hr=           3           0   0.00000000    
876: WACCMX_RECV_QC           3           0   0.00000000          136672       51808      136672       51808   4.5016436758289684E+018   82811224.578903198        69342589.378194571        168038774.62949762        0.0000000000000000        4.5016436758289684E+018   82811224.578903198        69342589.378194571        168038774.62949762        0.0000000000000000     
877: WACCMX_RECV_SOURCE_FLAGS           3           0   0.00000000          188480      136672           0           0       51808           0      136672       51808      136672       51808      136672      136672      136672      136672
879: WACCMX_APPLY_SOURCE_FLAGS           3           1   0.00000000           37696       27349           0           0       10347           0
882: WACCMX_APPLY_SOURCE_FLAGS           2           2   0.00000000           37696       27397           0           0       10299           0
886: WACCMX_APPLY_SOURCE_FLAGS           1           3   0.00000000           37696       27485           0           0       10211           0
912: WACCMX online neutral received: taskid,step,packet_hr=           4           0   0.00000000    
913: WACCMX_RECV_QC           4           0   0.00000000          136483       51997      136483       51997   4.3581390966152786E+018   82160268.409461975        8119245.3589662388        25873453.046039835        0.0000000000000000        4.3581390966152786E+018   82160268.409461975        8119245.3589662388        25873453.046039835        0.0000000000000000     
914: WACCMX_RECV_SOURCE_FLAGS           4           0   0.00000000          188480      136483           0           0       51997           0      136483       51997      136483       51997      136483      136483      136483      136483
916: WACCMX_APPLY_SOURCE_FLAGS           4           1   0.00000000           37696       27326           0           0       10370           0
919: WACCMX_APPLY_SOURCE_FLAGS           3           2   0.00000000           37696       27345           0           0       10351           0
923: WACCMX_APPLY_SOURCE_FLAGS           2           3   0.00000000           37696       27375           0           0       10321           0
946: WACCMX_APPLY_SOURCE_FLAGS           1           4   0.00000000           37696       27445           0           0       10251           0
948: WACCMX online neutral received: taskid,step,packet_hr=           5           0   0.00000000    
949: WACCMX_RECV_QC           5           0   0.00000000          136307       52173      136307       52173   4.3154883480634209E+018   81681510.552146912       -34203874.888554998       -53227011.435239136        0.0000000000000000        4.3154883480634209E+018   81681510.552146912       -34203874.888554998       -53227011.435239136        0.0000000000000000     
950: WACCMX_RECV_SOURCE_FLAGS           5           0   0.00000000          188480      136307           0           0       52173           0      136307       52173      136307       52173      136307      136307      136307      136307
952: WACCMX_APPLY_SOURCE_FLAGS           5           1   0.00000000           37696       27280           0           0       10416           0
955: WACCMX_APPLY_SOURCE_FLAGS           4           2   0.00000000           37696       27313           0           0       10383           0
958: WACCMX_APPLY_SOURCE_FLAGS           3           3   0.00000000           37696       27339           0           0       10357           0
961: WACCMX_APPLY_SOURCE_FLAGS           2           4   0.00000000           37696       27349           0           0       10347           0
963: WACCMX online neutral received: taskid,step,packet_hr=           6           0   0.00000000    
964: WACCMX_RECV_QC           6           0   0.00000000          136139       52341      136139       52341   4.2633637646977997E+018   81099787.528778076       -43356513.730399735       -125666728.59881473        0.0000000000000000        4.2633637646977997E+018   81099787.528778076       -43356513.730399735       -125666728.59881473        0.0000000000000000     
965: WACCMX_RECV_SOURCE_FLAGS           6           0   0.00000000          188480      136139           0           0       52341           0      136139       52341      136139       52341      136139      136139      136139      136139
967: WACCMX_APPLY_SOURCE_FLAGS           6           1   0.00000000           37696       27255           0           0       10441           0
969: WACCMX online neutral received: taskid,step,packet_hr=           7           0   0.00000000    
970: WACCMX_RECV_QC           7           0   0.00000000          135821       52659      135821       52659   4.0759341883258824E+018   80179717.801010132       -36074077.091339283       -175398913.65185970        0.0000000000000000        4.0759341883258824E+018   80179717.801010132       -36074077.091339283       -175398913.65185970        0.0000000000000000     
971: WACCMX_RECV_SOURCE_FLAGS           7           0   0.00000000          188480      135821           0           0       52659           0      135821       52659      135821       52659      135821      135821      135821      135821
973: WACCMX_APPLY_SOURCE_FLAGS           7           1   0.00000000           37696       27216           0           0       10480           0
975: WACCMX online neutral received: taskid,step,packet_hr=           8           0   0.00000000    
976: WACCMX_RECV_QC           8           0   0.00000000          135442       53038      135442       53038   3.8780922326439977E+018   79214843.378601074       -21740526.050945319       -129018432.64774376        0.0000000000000000        3.8780922326439977E+018   79214843.378601074       -21740526.050945319       -129018432.64774376        0.0000000000000000     
977: WACCMX_RECV_SOURCE_FLAGS           8           0   0.00000000          188480      135442           0           0       53038           0      135442       53038      135442       53038      135442      135442      135442      135442
979: WACCMX_APPLY_SOURCE_FLAGS           8           1   0.00000000           37696       27142           0           0       10554           0
981: WACCMX online neutral received: taskid,step,packet_hr=           9           0   0.00000000    
982: WACCMX_RECV_QC           9           0   0.00000000          135135       53345      135135       53345   3.7681006758693745E+018   78397908.636779785       -5620686.0475643948       -22055807.546202969        0.0000000000000000        3.7681006758693745E+018   78397908.636779785       -5620686.0475643948       -22055807.546202969        0.0000000000000000     
983: WACCMX_RECV_SOURCE_FLAGS           9           0   0.00000000          188480      135135           0           0       53345           0      135135       53345      135135       53345      135135      135135      135135      135135
985: WACCMX_APPLY_SOURCE_FLAGS           9           1   0.00000000           37696       27059           0           0       10637           0
987: WACCMX online neutral received: taskid,step,packet_hr=          10           0   0.00000000    
988: WACCMX_RECV_QC          10           0   0.00000000          134888       53592      134888       53592   3.7403306857712010E+018   77647071.113159180       -11708186.776970901        48480597.165950239        0.0000000000000000        3.7403306857712010E+018   77647071.113159180       -11708186.776970901        48480597.165950239        0.0000000000000000     
989: WACCMX_RECV_SOURCE_FLAGS          10           0   0.00000000          188480      134888           0           0       53592           0      134888       53592      134888       53592      134888      134888      134888      134888
991: WACCMX_APPLY_SOURCE_FLAGS          10           1   0.00000000           37696       27011           0           0       10685           0
993: WACCMX online neutral received: taskid,step,packet_hr=          11           0   0.00000000    
995: WACCMX_APPLY_SOURCE_FLAGS           1           5   0.00000000           37696       27397           0           0       10299           0
997: WACCMX_RECV_QC          11           0   0.00000000          134575       53905      134575       53905   3.9667585353320643E+018   76629454.029342651        171317.19389199466        33840174.373238385        0.0000000000000000        3.9667585353320643E+018   76629454.029342651        171317.19389199466        33840174.373238385        0.0000000000000000     
998: WACCMX_RECV_SOURCE_FLAGS          11           0   0.00000000          188480      134575           0           0       53905           0      134575       53905      134575       53905      134575      134575      134575      134575
1000: WACCMX_APPLY_SOURCE_FLAGS          11           1   0.00000000           37696       26958           0           0       10738           0
1002: WACCMX online neutral received: taskid,step,packet_hr=          12           0   0.00000000    
1003: WACCMX_RECV_QC          12           0   0.00000000          134208       54272      134208       54272   4.2909008745697469E+018   75531570.130035400        51503101.306916445       -52413069.180165961        0.0000000000000000        4.2909008745697469E+018   75531570.130035400        51503101.306916445       -52413069.180165961        0.0000000000000000     
1004: WACCMX_RECV_SOURCE_FLAGS          12           0   0.00000000          188480      134208           0           0       54272           0      134208       54272      134208       54272      134208      134208      134208      134208
1006: WACCMX_APPLY_SOURCE_FLAGS          12           1   0.00000000           37696       26888           0           0       10808           0
1008: WACCMX online neutral received: taskid,step,packet_hr=          13           0   0.00000000    
1009: WACCMX_RECV_QC          13           0   0.00000000          134121       54359      134121       54359   4.3370220114678226E+018   75239211.431304932        106209670.67133111       -100417114.04469800        0.0000000000000000        4.3370220114678226E+018   75239211.431304932        106209670.67133111       -100417114.04469800        0.0000000000000000     
1010: WACCMX_RECV_SOURCE_FLAGS          13           0   0.00000000          188480      134121           0           0       54359           0      134121       54359      134121       54359      134121      134121      134121      134121
1012: WACCMX_APPLY_SOURCE_FLAGS          13           1   0.00000000           37696       26814           0           0       10882           0
1014: WACCMX online neutral received: taskid,step,packet_hr=          14           0   0.00000000    
1015: WACCMX_RECV_QC          14           0   0.00000000          134366       54114      134366       54114   4.2735945718870927E+018   75994808.110733032        114644595.80748993       -53011823.793280922        0.0000000000000000        4.2735945718870927E+018   75994808.110733032        114644595.80748993       -53011823.793280922        0.0000000000000000     
1016: WACCMX_RECV_SOURCE_FLAGS          14           0   0.00000000          188480      134366           0           0       54114           0      134366       54114      134366       54114      134366      134366      134366      134366
1018: WACCMX_APPLY_SOURCE_FLAGS          14           1   0.00000000           37696       26830           0           0       10866           0
1020: WACCMX online neutral received: taskid,step,packet_hr=          15           0   0.00000000    
1021: WACCMX_RECV_QC          15           0   0.00000000          134926       53554      134926       53554   4.2759938532869478E+018   77568014.758316040        32571141.774516687       -1616452.3110334016        0.0000000000000000        4.2759938532869478E+018   77568014.758316040        32571141.774516687       -1616452.3110334016        0.0000000000000000     
1022: WACCMX_RECV_SOURCE_FLAGS          15           0   0.00000000          188480      134926           0           0       53554           0      134926       53554      134926       53554      134926      134926      134926      134926
1024: WACCMX_APPLY_SOURCE_FLAGS          15           1   0.00000000           37696       26892           0           0       10804           0
1026: WACCMX online neutral received: taskid,step,packet_hr=          16           0   0.00000000    
1027: WACCMX_RECV_QC          16           0   0.00000000          135535       52945      135535       52945   4.2588428599782195E+018   79305921.773483276       -82429991.278231800        41721918.454386070        0.0000000000000000        4.2588428599782195E+018   79305921.773483276       -82429991.278231800        41721918.454386070        0.0000000000000000     
1028: WACCMX_RECV_SOURCE_FLAGS          16           0   0.00000000          188480      135535           0           0       52945           0      135535       52945      135535       52945      135535      135535      135535      135535
1030: WACCMX_APPLY_SOURCE_FLAGS          16           1   0.00000000           37696       27027           0           0       10669           0
1032: WACCMX online neutral received: taskid,step,packet_hr=          17           0   0.00000000    
1033: WACCMX_RECV_QC          17           0   0.00000000          136111       52369      136111       52369   4.2812137881866757E+018   80876775.891479492       -182861603.02015868        77530967.726075456        0.0000000000000000        4.2812137881866757E+018   80876775.891479492       -182861603.02015868        77530967.726075456        0.0000000000000000     
1034: WACCMX_RECV_SOURCE_FLAGS          17           0   0.00000000          188480      136111           0           0       52369           0      136111       52369      136111       52369      136111      136111      136111      136111
1036: WACCMX_APPLY_SOURCE_FLAGS          17           1   0.00000000           37696       27145           0           0       10551           0
1038: WACCMX online neutral received: taskid,step,packet_hr=          18           0   0.00000000    
1039: WACCMX_RECV_QC          18           0   0.00000000          136772       51708      136772       51708   4.3616732683568906E+018   82644808.906585693       -276204168.34936225        118833110.80148582        0.0000000000000000        4.3616732683568906E+018   82644808.906585693       -276204168.34936225        118833110.80148582        0.0000000000000000     
1040: WACCMX_RECV_SOURCE_FLAGS          18           0   0.00000000          188480      136772           0           0       51708           0      136772       51708      136772       51708      136772      136772      136772      136772
1042: WACCMX_APPLY_SOURCE_FLAGS          18           1   0.00000000           37696       27258           0           0       10438           0
1044: WACCMX online neutral received: taskid,step,packet_hr=          19           0   0.00000000    
1045: WACCMX_RECV_QC          19           0   0.00000000          137413       51067      137413       51067   4.3547245025962112E+018   84624853.427520752       -306927827.88350821        201178997.91524997        0.0000000000000000        4.3547245025962112E+018   84624853.427520752       -306927827.88350821        201178997.91524997        0.0000000000000000     
1046: WACCMX_RECV_SOURCE_FLAGS          19           0   0.00000000          188480      137413           0           0       51067           0      137413       51067      137413       51067      137413      137413      137413      137413
1048: WACCMX_APPLY_SOURCE_FLAGS          19           1   0.00000000           37696       27400           0           0       10296           0
1050: WACCMX online neutral received: taskid,step,packet_hr=          20           0   0.00000000    
1051: WACCMX_RECV_QC          20           0   0.00000000          138032       50448      138032       50448   4.3419008134324567E+018   86670130.863204956       -314386033.36886829        303614227.68224210        0.0000000000000000        4.3419008134324567E+018   86670130.863204956       -314386033.36886829        303614227.68224210        0.0000000000000000     
1052: WACCMX_RECV_SOURCE_FLAGS          20           0   0.00000000          188480      138032           0           0       50448           0      138032       50448      138032       50448      138032      138032      138032      138032
1054: WACCMX_APPLY_SOURCE_FLAGS          20           1   0.00000000           37696       27532           0           0       10164           0
1057: WACCMX_APPLY_SOURCE_FLAGS           5           2   0.00000000           37696       27267           0           0       10429           0
1059: WACCMX online neutral received: taskid,step,packet_hr=          21           0   0.00000000    
1060: WACCMX_RECV_QC          21           0   0.00000000          138610       49870      138610       49870   4.4080168508385178E+018   88673086.148361206       -391083185.27519345        331767373.82296038        0.0000000000000000        4.4080168508385178E+018   88673086.148361206       -391083185.27519345        331767373.82296038        0.0000000000000000     
1061: WACCMX_RECV_SOURCE_FLAGS          21           0   0.00000000          188480      138610           0           0       49870           0      138610       49870      138610       49870      138610      138610      138610      138610
1063: WACCMX_APPLY_SOURCE_FLAGS          21           1   0.00000000           37696       27645           0           0       10051           0
1065: WACCMX online neutral received: taskid,step,packet_hr=          22           0   0.00000000    
1066: WACCMX_RECV_QC          22           0   0.00000000          139075       49405      139075       49405   4.4948253927751900E+018   90591462.288848877       -484023282.39117330        284295477.95957053        0.0000000000000000        4.4948253927751900E+018   90591462.288848877       -484023282.39117330        284295477.95957053        0.0000000000000000     
1067: WACCMX_RECV_SOURCE_FLAGS          22           0   0.00000000          188480      139075           0           0       49405           0      139075       49405      139075       49405      139075      139075      139075      139075
1069: WACCMX_APPLY_SOURCE_FLAGS          22           1   0.00000000           37696       27762           0           0        9934           0
1071: WACCMX online neutral received: taskid,step,packet_hr=          23           0   0.00000000    
1072: WACCMX_RECV_QC          23           0   0.00000000          139435       49045      139435       49045   4.5859623293087903E+018   92276755.171203613       -548495820.06537223        246292477.34630492        0.0000000000000000        4.5859623293087903E+018   92276755.171203613       -548495820.06537223        246292477.34630492        0.0000000000000000     
1073: WACCMX_RECV_SOURCE_FLAGS          23           0   0.00000000          188480      139435           0           0       49045           0      139435       49045      139435       49045      139435      139435      139435      139435
1075: WACCMX_APPLY_SOURCE_FLAGS          23           1   0.00000000           37696       27842           0           0        9854           0
1077: WACCMX online neutral received: taskid,step,packet_hr=          24           0   0.00000000    
1078: WACCMX_RECV_QC          24           0   0.00000000          139732       48748      139732       48748   4.7252397868907223E+018   93603241.798202515       -572827123.50650573        201165647.32949880        0.0000000000000000        4.7252397868907223E+018   93603241.798202515       -572827123.50650573        201165647.32949880        0.0000000000000000     
1079: WACCMX_RECV_SOURCE_FLAGS          24           0   0.00000000          188480      139732           0           0       48748           0      139732       48748      139732       48748      139732      139732      139732      139732
1081: WACCMX_APPLY_SOURCE_FLAGS          24           1   0.00000000           37696       27906           0           0        9790           0
1083: WACCMX online neutral received: taskid,step,packet_hr=          25           0   0.00000000    
1084: WACCMX_RECV_QC          25           0   0.00000000          139939       48541      139939       48541   4.9140158775119688E+018   94354476.793273926       -515581162.51696360        199587742.65709442        0.0000000000000000        4.9140158775119688E+018   94354476.793273926       -515581162.51696360        199587742.65709442        0.0000000000000000     
1085: WACCMX_RECV_SOURCE_FLAGS          25           0   0.00000000          188480      139939           0           0       48541           0      139939       48541      139939       48541      139939      139939      139939      139939
1087: WACCMX_APPLY_SOURCE_FLAGS          25           1   0.00000000           37696       27964           0           0        9732           0
1089: WACCMX online neutral received: taskid,step,packet_hr=          26           0   0.00000000    
1090: WACCMX_RECV_QC          26           0   0.00000000          139993       48487      139993       48487   4.9549599615468319E+018   94633652.109222412       -400446965.40658033        227059494.44285211        0.0000000000000000        4.9549599615468319E+018   94633652.109222412       -400446965.40658033        227059494.44285211        0.0000000000000000     
1091: WACCMX_RECV_SOURCE_FLAGS          26           0   0.00000000          188480      139993           0           0       48487           0      139993       48487      139993       48487      139993      139993      139993      139993
1093: WACCMX_APPLY_SOURCE_FLAGS          26           1   0.00000000           37696       28001           0           0        9695           0
1095: WACCMX online neutral received: taskid,step,packet_hr=          27           0   0.00000000    
1096: WACCMX_RECV_QC          27           0   0.00000000          139913       48567      139913       48567   4.8396437601691597E+018   94577317.279525757       -283217282.17438674        214143430.78871062        0.0000000000000000        4.8396437601691597E+018   94577317.279525757       -283217282.17438674        214143430.78871062        0.0000000000000000     
1097: WACCMX_RECV_SOURCE_FLAGS          27           0   0.00000000          188480      139913           0           0       48567           0      139913       48567      139913       48567      139913      139913      139913      139913
1099: WACCMX_APPLY_SOURCE_FLAGS          27           1   0.00000000           37696       27996           0           0        9700           0
1101: WACCMX online neutral received: taskid,step,packet_hr=          28           0   0.00000000    
1102: WACCMX_RECV_QC          28           0   0.00000000          139835       48645      139835       48645   4.7027430389997742E+018   94434791.636413574       -205077967.81525022        161199647.44680583        0.0000000000000000        4.7027430389997742E+018   94434791.636413574       -205077967.81525022        161199647.44680583        0.0000000000000000     
1103: WACCMX_RECV_SOURCE_FLAGS          28           0   0.00000000          188480      139835           0           0       48645           0      139835       48645      139835       48645      139835      139835      139835      139835
1105: WACCMX_APPLY_SOURCE_FLAGS          28           1   0.00000000           37696       27974           0           0        9722           0
1107: WACCMX online neutral received: taskid,step,packet_hr=          29           0   0.00000000    
1108: WACCMX_RECV_QC          29           0   0.00000000          139701       48779      139701       48779   4.6285136884814203E+018   94002963.181610107       -128305016.60807300        146268025.68533337        0.0000000000000000        4.6285136884814203E+018   94002963.181610107       -128305016.60807300        146268025.68533337        0.0000000000000000     
1109: WACCMX_RECV_SOURCE_FLAGS          29           0   0.00000000          188480      139701           0           0       48779           0      139701       48779      139701       48779      139701      139701      139701      139701
1111: WACCMX_APPLY_SOURCE_FLAGS          29           1   0.00000000           37696       27966           0           0        9730           0
1113: WACCMX online neutral received: taskid,step,packet_hr=          30           0   0.00000000    
1114: WACCMX_RECV_QC          30           0   0.00000000          139372       49108      139372       49108   4.6041407074222991E+018   92947968.954803467       -48309736.904572323        166241941.78587350        0.0000000000000000        4.6041407074222991E+018   92947968.954803467       -48309736.904572323        166241941.78587350        0.0000000000000000     
1115: WACCMX_RECV_SOURCE_FLAGS          30           0   0.00000000          188480      139372           0           0       49108           0      139372       49108      139372       49108      139372      139372      139372      139372
1117: WACCMX_APPLY_SOURCE_FLAGS          30           1   0.00000000           37696       27932           0           0        9764           0
1119: WACCMX online neutral received: taskid,step,packet_hr=          31           0   0.00000000    
1120: WACCMX_RECV_QC          31           0   0.00000000          138877       49603      138877       49603   4.6077043088739773E+018   91277630.865554810        36705575.782587595        209816871.40898633        0.0000000000000000        4.6077043088739773E+018   91277630.865554810        36705575.782587595        209816871.40898633        0.0000000000000000     
1121: WACCMX_RECV_SOURCE_FLAGS          31           0   0.00000000          188480      138877           0           0       49603           0      138877       49603      138877       49603      138877      138877      138877      138877
1123: WACCMX_APPLY_SOURCE_FLAGS          31           1   0.00000000           37696       27849           0           0        9847           0
1125: WACCMX online neutral received: taskid,step,packet_hr=          32           0   0.00000000    
1126: WACCMX_RECV_QC          32           0   0.00000000          138198       50282      138198       50282   4.3292574017848745E+018   89067318.875350952        112006447.82473400        272508041.47887897        0.0000000000000000        4.3292574017848745E+018   89067318.875350952        112006447.82473400        272508041.47887897        0.0000000000000000     
1127: WACCMX_RECV_SOURCE_FLAGS          32           0   0.00000000          188480      138198           0           0       50282           0      138198       50282      138198       50282      138198      138198      138198      138198
1129: WACCMX_APPLY_SOURCE_FLAGS          32           1   0.00000000           37696       27740           0           0        9956           0
1132: WACCMX_APPLY_SOURCE_FLAGS           4           3   0.00000000           37696       27297           0           0       10399           0
1135: WACCMX_APPLY_SOURCE_FLAGS           3           4   0.00000000           37696       27326           0           0       10370           0
1138: WACCMX_APPLY_SOURCE_FLAGS           2           5   0.00000000           37696       27345           0           0       10351           0
1141: WACCMX_APPLY_SOURCE_FLAGS           6           2   0.00000000           37696       27244           0           0       10452           0
1144: WACCMX_APPLY_SOURCE_FLAGS           7           2   0.00000000           37696       27190           0           0       10506           0
1147: WACCMX_APPLY_SOURCE_FLAGS           8           2   0.00000000           37696       27111           0           0       10585           0
1150: WACCMX_APPLY_SOURCE_FLAGS           9           2   0.00000000           37696       27047           0           0       10649           0
1153: WACCMX_APPLY_SOURCE_FLAGS          10           2   0.00000000           37696       26993           0           0       10703           0
1156: WACCMX_APPLY_SOURCE_FLAGS          11           2   0.00000000           37696       26948           0           0       10748           0
1159: WACCMX_APPLY_SOURCE_FLAGS          12           2   0.00000000           37696       26862           0           0       10834           0
1162: WACCMX_APPLY_SOURCE_FLAGS          13           2   0.00000000           37696       26812           0           0       10884           0
1165: WACCMX_APPLY_SOURCE_FLAGS          14           2   0.00000000           37696       26846           0           0       10850           0
1168: WACCMX_APPLY_SOURCE_FLAGS          15           2   0.00000000           37696       26938           0           0       10758           0
1171: WACCMX_APPLY_SOURCE_FLAGS          16           2   0.00000000           37696       27074           0           0       10622           0
1174: WACCMX_APPLY_SOURCE_FLAGS          17           2   0.00000000           37696       27182           0           0       10514           0
1177: WACCMX_APPLY_SOURCE_FLAGS          18           2   0.00000000           37696       27306           0           0       10390           0
1180: WACCMX_APPLY_SOURCE_FLAGS          19           2   0.00000000           37696       27439           0           0       10257           0
1183: WACCMX_APPLY_SOURCE_FLAGS          20           2   0.00000000           37696       27562           0           0       10134           0
1186: WACCMX_APPLY_SOURCE_FLAGS           5           3   0.00000000           37696       27261           0           0       10435           0
1189: WACCMX_APPLY_SOURCE_FLAGS          21           2   0.00000000           37696       27686           0           0       10010           0
1192: WACCMX_APPLY_SOURCE_FLAGS          22           2   0.00000000           37696       27785           0           0        9911           0
1195: WACCMX_APPLY_SOURCE_FLAGS          23           2   0.00000000           37696       27864           0           0        9832           0
1198: WACCMX_APPLY_SOURCE_FLAGS          24           2   0.00000000           37696       27932           0           0        9764           0
1201: WACCMX_APPLY_SOURCE_FLAGS          25           2   0.00000000           37696       27978           0           0        9718           0
1204: WACCMX_APPLY_SOURCE_FLAGS          26           2   0.00000000           37696       28005           0           0        9691           0
1207: WACCMX_APPLY_SOURCE_FLAGS          27           2   0.00000000           37696       27989           0           0        9707           0
1210: WACCMX_APPLY_SOURCE_FLAGS          28           2   0.00000000           37696       27972           0           0        9724           0
1213: WACCMX_APPLY_SOURCE_FLAGS          29           2   0.00000000           37696       27953           0           0        9743           0
1216: WACCMX_APPLY_SOURCE_FLAGS          30           2   0.00000000           37696       27903           0           0        9793           0
1219: WACCMX_APPLY_SOURCE_FLAGS          31           2   0.00000000           37696       27817           0           0        9879           0
1222: WACCMX_APPLY_SOURCE_FLAGS          32           2   0.00000000           37696       27697           0           0        9999           0
1225: WACCMX_APPLY_SOURCE_FLAGS           4           4   0.00000000           37696       27280           0           0       10416           0
1228: WACCMX_APPLY_SOURCE_FLAGS           3           5   0.00000000           37696       27313           0           0       10383           0
1231: WACCMX_APPLY_SOURCE_FLAGS           6           3   0.00000000           37696       27234           0           0       10462           0
1234: WACCMX_APPLY_SOURCE_FLAGS           7           3   0.00000000           37696       27162           0           0       10534           0
1237: WACCMX_APPLY_SOURCE_FLAGS           8           3   0.00000000           37696       27083           0           0       10613           0
1240: WACCMX_APPLY_SOURCE_FLAGS           9           3   0.00000000           37696       27025           0           0       10671           0
1243: WACCMX_APPLY_SOURCE_FLAGS          10           3   0.00000000           37696       26978           0           0       10718           0
1246: WACCMX_APPLY_SOURCE_FLAGS          11           3   0.00000000           37696       26919           0           0       10777           0
1249: WACCMX_APPLY_SOURCE_FLAGS          12           3   0.00000000           37696       26832           0           0       10864           0
1252: WACCMX_APPLY_SOURCE_FLAGS          13           3   0.00000000           37696       26819           0           0       10877           0
1255: WACCMX_APPLY_SOURCE_FLAGS          14           3   0.00000000           37696       26860           0           0       10836           0
1258: WACCMX_APPLY_SOURCE_FLAGS          15           3   0.00000000           37696       26995           0           0       10701           0
1261: WACCMX_APPLY_SOURCE_FLAGS          16           3   0.00000000           37696       27107           0           0       10589           0
1264: WACCMX_APPLY_SOURCE_FLAGS          17           3   0.00000000           37696       27220           0           0       10476           0
1267: WACCMX_APPLY_SOURCE_FLAGS          18           3   0.00000000           37696       27369           0           0       10327           0
1270: WACCMX_APPLY_SOURCE_FLAGS          19           3   0.00000000           37696       27480           0           0       10216           0
1273: WACCMX_APPLY_SOURCE_FLAGS          20           3   0.00000000           37696       27607           0           0       10089           0
1276: WACCMX_APPLY_SOURCE_FLAGS           5           4   0.00000000           37696       27255           0           0       10441           0
1279: WACCMX_APPLY_SOURCE_FLAGS          21           3   0.00000000           37696       27732           0           0        9964           0
1282: WACCMX_APPLY_SOURCE_FLAGS          22           3   0.00000000           37696       27822           0           0        9874           0
1285: WACCMX_APPLY_SOURCE_FLAGS          23           3   0.00000000           37696       27891           0           0        9805           0
1288: WACCMX_APPLY_SOURCE_FLAGS          24           3   0.00000000           37696       27952           0           0        9744           0
1291: WACCMX_APPLY_SOURCE_FLAGS          25           3   0.00000000           37696       27991           0           0        9705           0
1294: WACCMX_APPLY_SOURCE_FLAGS          26           3   0.00000000           37696       28002           0           0        9694           0
1297: WACCMX_APPLY_SOURCE_FLAGS          27           3   0.00000000           37696       27982           0           0        9714           0
1300: WACCMX_APPLY_SOURCE_FLAGS          28           3   0.00000000           37696       27970           0           0        9726           0
1303: WACCMX_APPLY_SOURCE_FLAGS          29           3   0.00000000           37696       27947           0           0        9749           0
1306: WACCMX_APPLY_SOURCE_FLAGS          30           3   0.00000000           37696       27871           0           0        9825           0
1309: WACCMX_APPLY_SOURCE_FLAGS          31           3   0.00000000           37696       27774           0           0        9922           0
1312: WACCMX_APPLY_SOURCE_FLAGS          32           3   0.00000000           37696       27641           0           0       10055           0
1315: WACCMX_APPLY_SOURCE_FLAGS           4           5   0.00000000           37696       27267           0           0       10429           0
1318: WACCMX_APPLY_SOURCE_FLAGS           6           4   0.00000000           37696       27216           0           0       10480           0
1321: WACCMX_APPLY_SOURCE_FLAGS           7           4   0.00000000           37696       27142           0           0       10554           0
1324: WACCMX_APPLY_SOURCE_FLAGS           8           4   0.00000000           37696       27059           0           0       10637           0
1327: WACCMX_APPLY_SOURCE_FLAGS           9           4   0.00000000           37696       27011           0           0       10685           0
1330: WACCMX_APPLY_SOURCE_FLAGS          10           4   0.00000000           37696       26958           0           0       10738           0
1333: WACCMX_APPLY_SOURCE_FLAGS          11           4   0.00000000           37696       26888           0           0       10808           0
1336: WACCMX_APPLY_SOURCE_FLAGS          12           4   0.00000000           37696       26814           0           0       10882           0
1339: WACCMX_APPLY_SOURCE_FLAGS          13           4   0.00000000           37696       26830           0           0       10866           0
1342: WACCMX_APPLY_SOURCE_FLAGS          14           4   0.00000000           37696       26892           0           0       10804           0
1345: WACCMX_APPLY_SOURCE_FLAGS          15           4   0.00000000           37696       27027           0           0       10669           0
1348: WACCMX_APPLY_SOURCE_FLAGS          16           4   0.00000000           37696       27145           0           0       10551           0
1351: WACCMX_APPLY_SOURCE_FLAGS          17           4   0.00000000           37696       27258           0           0       10438           0
1354: WACCMX_APPLY_SOURCE_FLAGS          18           4   0.00000000           37696       27400           0           0       10296           0
1357: WACCMX_APPLY_SOURCE_FLAGS          19           4   0.00000000           37696       27532           0           0       10164           0
1360: WACCMX_APPLY_SOURCE_FLAGS          20           4   0.00000000           37696       27645           0           0       10051           0
1363: WACCMX_APPLY_SOURCE_FLAGS           5           5   0.00000000           37696       27244           0           0       10452           0
1366: WACCMX_APPLY_SOURCE_FLAGS          21           4   0.00000000           37696       27762           0           0        9934           0
1369: WACCMX_APPLY_SOURCE_FLAGS          22           4   0.00000000           37696       27842           0           0        9854           0
1372: WACCMX_APPLY_SOURCE_FLAGS          23           4   0.00000000           37696       27906           0           0        9790           0
1375: WACCMX_APPLY_SOURCE_FLAGS          24           4   0.00000000           37696       27964           0           0        9732           0
1378: WACCMX_APPLY_SOURCE_FLAGS          25           4   0.00000000           37696       28001           0           0        9695           0
1381: WACCMX_APPLY_SOURCE_FLAGS          26           4   0.00000000           37696       27996           0           0        9700           0
1384: WACCMX_APPLY_SOURCE_FLAGS          27           4   0.00000000           37696       27974           0           0        9722           0
1387: WACCMX_APPLY_SOURCE_FLAGS          28           4   0.00000000           37696       27966           0           0        9730           0
1390: WACCMX_APPLY_SOURCE_FLAGS          29           4   0.00000000           37696       27932           0           0        9764           0
1393: WACCMX_APPLY_SOURCE_FLAGS          30           4   0.00000000           37696       27849           0           0        9847           0
1396: WACCMX_APPLY_SOURCE_FLAGS          31           4   0.00000000           37696       27740           0           0        9956           0
1399: WACCMX_APPLY_SOURCE_FLAGS          32           4   0.00000000           37696       27585           0           0       10111           0
1402: WACCMX_APPLY_SOURCE_FLAGS           6           5   0.00000000           37696       27190           0           0       10506           0
1405: WACCMX_APPLY_SOURCE_FLAGS           7           5   0.00000000           37696       27111           0           0       10585           0
1408: WACCMX_APPLY_SOURCE_FLAGS           8           5   0.00000000           37696       27047           0           0       10649           0
1411: WACCMX_APPLY_SOURCE_FLAGS           9           5   0.00000000           37696       26993           0           0       10703           0
1414: WACCMX_APPLY_SOURCE_FLAGS          10           5   0.00000000           37696       26948           0           0       10748           0
1417: WACCMX_APPLY_SOURCE_FLAGS          11           5   0.00000000           37696       26862           0           0       10834           0
1420: WACCMX_APPLY_SOURCE_FLAGS          12           5   0.00000000           37696       26812           0           0       10884           0
1423: WACCMX_APPLY_SOURCE_FLAGS          13           5   0.00000000           37696       26846           0           0       10850           0
1426: WACCMX_APPLY_SOURCE_FLAGS          14           5   0.00000000           37696       26938           0           0       10758           0
1429: WACCMX_APPLY_SOURCE_FLAGS          15           5   0.00000000           37696       27074           0           0       10622           0
1432: WACCMX_APPLY_SOURCE_FLAGS          16           5   0.00000000           37696       27182           0           0       10514           0
1435: WACCMX_APPLY_SOURCE_FLAGS          17           5   0.00000000           37696       27306           0           0       10390           0
1438: WACCMX_APPLY_SOURCE_FLAGS          18           5   0.00000000           37696       27439           0           0       10257           0
1441: WACCMX_APPLY_SOURCE_FLAGS          19           5   0.00000000           37696       27562           0           0       10134           0
1444: WACCMX_APPLY_SOURCE_FLAGS          20           5   0.00000000           37696       27686           0           0       10010           0
1447: WACCMX_APPLY_SOURCE_FLAGS          21           5   0.00000000           37696       27785           0           0        9911           0
1450: WACCMX_APPLY_SOURCE_FLAGS          22           5   0.00000000           37696       27864           0           0        9832           0
1453: WACCMX_APPLY_SOURCE_FLAGS          23           5   0.00000000           37696       27932           0           0        9764           0
1456: WACCMX_APPLY_SOURCE_FLAGS          24           5   0.00000000           37696       27978           0           0        9718           0
1459: WACCMX_APPLY_SOURCE_FLAGS          25           5   0.00000000           37696       28005           0           0        9691           0
1462: WACCMX_APPLY_SOURCE_FLAGS          26           5   0.00000000           37696       27989           0           0        9707           0
1465: WACCMX_APPLY_SOURCE_FLAGS          27           5   0.00000000           37696       27972           0           0        9724           0
1468: WACCMX_APPLY_SOURCE_FLAGS          28           5   0.00000000           37696       27953           0           0        9743           0
1471: WACCMX_APPLY_SOURCE_FLAGS          29           5   0.00000000           37696       27903           0           0        9793           0
1474: WACCMX_APPLY_SOURCE_FLAGS          30           5   0.00000000           37696       27817           0           0        9879           0
1477: WACCMX_APPLY_SOURCE_FLAGS          31           5   0.00000000           37696       27697           0           0        9999           0
1480: WACCMX_APPLY_SOURCE_FLAGS          32           5   0.00000000           37696       27535           0           0       10161           0
1485: SAMI3_USE_EXISTING_PHI_WEIMER: using preexisting phi_weimer.inp
1624: hrutw2 =    0.00000000       1.00000002E+30
1629: MASTER: All Done!
1630: WACCMX online done signal received:           1
